"pathwayId"	"pathwayName"	"annMoleculeRatio"	"annBgRatio"	"pvalue"	"fdr"	"annMoleculeList"	"annBgMoleculeList"
"path:04730"	"Long-term depression"	"12/883"	"70/21796"	2.21350578578638e-05	0.00484757767087218	"2767;2775;2778;3265;369;3709;4842;5319;5518;5894;6261;81579"	"100137049;10672;10842;123745;1392;1394;23236;26279;2767;2768;2770;2771;2773;2775;2776;2778;2781;2890;2891;2892;2895;2911;2915;2977;2982;2983;30814;3265;3479;3480;369;3708;3709;3710;3845;391013;4067;4842;4893;50487;5319;5320;5321;5322;5330;5331;5332;5515;5516;5518;5519;5578;5579;5582;5592;5593;5594;5595;5604;5605;5894;6261;64600;673;773;81579;8398;8399;84647;8681"
"path:05219"	"Bladder cancer"	"7/883"	"40/21796"	0.00101220812929848	0.110836790158183	"1613;1950;3265;369;4312;5894;7157"	"1019;1026;1029;11186;1612;1613;1869;1870;1871;1890;1950;1956;2064;2261;2277;23604;3265;3576;369;3845;4193;4312;4313;4318;4609;4893;5228;5594;5595;5604;5605;5894;5925;595;673;7157;7422;7423;7424;999"
"path:04010"	"MAPK signaling pathway"	"21/883"	"266/21796"	0.00286486191425728	0.209134919740781	"1386;1399;1616;1849;1950;2122;2260;2264;3265;3551;4763;51295;5319;5894;63928;6416;6722;7157;781;81579;8569"	"10000;100137049;10125;10235;10368;10369;10454;10746;10912;11072;11184;11221;11261;1147;115727;123745;1326;1386;1398;1399;1432;1616;1647;1649;1843;1844;1845;1846;1847;1848;1849;1850;1852;1950;1956;2002;2005;207;208;2122;2246;2247;2248;2249;2250;2251;2252;2253;2254;2255;2256;2257;2258;2259;2260;2261;2263;2264;22800;22808;23118;2316;23162;2317;2318;2353;23542;25780;26279;26281;26291;27006;27091;27092;27330;2768;2872;2885;30814;3164;3265;3303;3304;3305;3306;3310;3312;3315;355;3551;3552;3553;3554;356;3725;3727;3845;391013;3925;408;409;4137;4149;4208;4214;4215;4216;4217;4296;4342;4609;4616;468;4763;4790;4791;4803;4893;4908;4909;4914;4915;50487;5058;5062;51295;51347;5154;5155;5156;5159;51701;51776;5319;5320;5321;5322;5494;5495;5530;5532;5533;5534;5535;5536;5566;5567;5568;5578;5579;55799;5582;5594;5595;55970;5598;5599;5600;5601;5602;5603;5604;5605;5606;5607;5608;5609;5613;56940;57551;5778;5801;5871;5879;5880;5881;5894;5906;5908;5921;5922;5923;5924;59283;59284;59285;5970;5971;6195;6196;6197;6237;627;6300;63928;6416;64600;6654;6655;6722;673;6788;6789;6885;7040;7042;7043;7046;7048;7124;7132;7157;7186;7189;773;774;775;776;777;778;7786;779;781;782;783;784;785;7850;786;7867;8074;80824;81579;836;8398;8399;84647;84867;8491;8517;8550;8569;8649;8681;8817;8822;8823;8911;8912;8913;8986;9020;9064;9175;9252;9254;9261;929;9344;93589;9448;9479;9693;994;9965;998"
"path:04260"	"Cardiac muscle contraction"	"8/883"	"71/21796"	0.00785198833290801	0.365344452140869	"29796;480;7139;7169;7384;7388;781;9167"	"10368;10369;10479;10975;125965;1327;1329;1337;1339;1340;1345;1346;1347;1349;1350;1351;1537;170712;23439;27089;27091;27092;29796;341947;440567;4512;4513;4514;4519;476;477;478;480;481;482;483;486;55799;59283;59284;59285;6262;6548;70;7134;7137;7139;7168;7169;7170;7171;7381;7384;7385;7386;7388;775;776;778;779;781;782;783;784;785;786;84701;9167;9254;93589;9377"
"path:05160"	"Hepatitis C"	"12/883"	"134/21796"	0.00834119753746276	0.365344452140869	"10197;1950;3265;3551;3661;369;49861;5518;5521;5894;7157;9075"	"10000;10062;10197;1026;10379;10401;10686;1147;1364;1365;1366;137075;1432;148022;149461;1950;1956;1965;207;208;23533;23562;23586;24146;26285;27102;2885;29110;2932;3265;3434;3439;3440;3441;3442;3443;3444;3445;3446;3447;3448;3449;3451;3452;3454;3455;3456;3551;3576;3646;3659;3661;3665;369;3716;3845;3949;439996;440275;4790;4792;4893;4938;4939;4940;4950;49861;5010;51208;51588;5163;5290;5291;5293;5294;5295;5296;53842;5465;5515;5516;5518;5519;5520;5521;5522;55844;5594;5595;5599;5600;5601;5602;5603;5610;572;57506;5894;5970;6041;6256;6300;6654;6655;673;6772;6773;6774;7098;7122;7124;7132;7157;7186;7187;7189;7297;8503;8517;8554;8717;8737;9021;9063;9071;9073;9074;9075;9076;9080;9451;949;9641;975"
"path:04530"	"Tight junction"	"11/883"	"131/21796"	0.0175698726095345	0.43024673582991	"23136;29895;3265;4620;4629;49861;5518;5521;84552;8573;9075"	"10000;1019;10207;103910;10398;10627;10686;11336;1364;1365;1366;137075;1457;1459;1460;149461;1495;1496;1499;150084;154810;2017;2035;2036;2037;207;208;22800;22808;22989;23136;23562;24146;260425;26285;27134;2770;2771;2773;29119;29895;3059;3265;3845;387;3993;3996;4301;4619;4620;4621;4622;4624;4625;4626;4627;4628;4629;4633;4636;4893;4950;49861;5010;50848;50855;51208;51776;53842;5515;5516;5518;5519;5520;5521;5522;5578;5579;5580;5581;5582;5583;5584;55844;55870;5588;5590;56288;5728;57530;57644;58494;58498;5865;5872;60;60412;6237;64398;6714;7082;71;7122;7525;79784;81;8189;83700;84552;84612;8531;8573;87;8735;8777;88;89;9071;9073;9074;9075;9076;9080;9218;9223;92359;93408;93643;9414;9863;998"
"path:03320"	"PPAR signaling pathway"	"7/883"	"67/21796"	0.0184760675138023	0.43024673582991	"1582;1622;2710;33;335;4312;79966"	"10062;10580;10998;10999;11001;116519;126129;1374;1375;1376;1579;1581;1582;1593;1622;1962;2167;2168;2169;2170;2171;2172;2173;2180;2181;2182;23305;2710;2712;284541;28965;30;33;335;336;34;345;3611;364;376497;4023;4312;4973;51;5105;5106;51129;5170;51703;5346;5360;5465;5467;5468;6256;6257;6258;6319;6342;7316;7350;79966;8309;8310;9370;9415;948"
"path:05014"	"Amyotrophic lateral sclerosis (ALS)"	"6/883"	"53/21796"	0.0197652487082371	0.43024673582991	"1616;2905;4842;581;63928;7157"	"10452;11261;120329;1432;1616;2890;2891;2902;2903;2904;2905;2906;317;4217;4741;4744;4747;4842;54205;5530;5532;5533;5534;5535;5600;5603;5606;5608;5630;572;57679;581;5868;5879;596;5961;598;6300;637;63928;6506;6647;7124;7132;7133;7157;79139;834;836;84134;842;847;9973"
"path:00330"	"Arginine and proline metabolism"	"6/883"	"54/21796"	0.0214987993940252	0.43024673582991	"1610;445;4842;4843;501;5625"	"112483;113451;1152;1158;1159;1160;1373;1610;162417;217;219;223;224;2593;26;262;2628;27165;2744;2746;2747;2752;2805;2806;283208;29920;383;384;4128;4129;435;445;4842;4843;4846;4942;4953;5009;501;5033;51056;548596;5625;5831;5832;58510;6303;65263;6611;6723;79814;8659;8974;95"
"path:04970"	"Salivary secretion"	"8/883"	"86/21796"	0.0231776509892867	0.43024673582991	"1755;2778;3709;480;4842;5542;6558;6844"	"107;108;109;111;112;113;1131;114;115;146;1469;147;1470;1471;1472;1473;148;153;154;155;163688;1755;196883;23236;23439;2776;2778;2977;2982;2983;3346;362;3708;3709;3710;3778;3783;4025;4069;4589;476;477;478;480;481;482;483;4842;486;490;491;492;493;51806;5330;5331;5332;54831;5542;55503;5554;5555;5566;5567;5568;5578;5579;5582;5592;5593;5613;6263;6522;653247;6548;6558;6779;683;6844;727897;801;805;808;810;820;952"
"path:05416"	"Viral myocarditis"	"7/883"	"71/21796"	0.0246299673952686	0.43024673582991	"1605;1981;3105;3107;4620;4629;958"	"100133583;1525;1604;1605;1756;1981;1982;22989;25;2534;27;3105;3106;3107;3108;3109;3111;3112;3113;3115;3117;3118;3119;3122;3123;3125;3126;3127;3133;3134;3135;3383;3683;3689;4619;4620;4621;4622;4624;4625;4626;4627;4628;4629;54205;5551;57644;5879;5880;5881;595;60;637;6442;6443;6444;6445;652614;71;79784;836;841;842;857;8672;8735;940;941;942;958;959"
"path:05220"	"Chronic myeloid leukemia"	"7/883"	"72/21796"	0.0263639701204508	0.43024673582991	"1399;2122;3265;3551;369;5894;7157"	"10000;1019;1021;1026;1027;1029;1147;1398;1399;1487;1488;1869;1870;1871;207;208;2122;23533;23624;25;25759;2885;3065;3066;3265;3551;369;3845;399694;4089;4193;4609;4790;4792;4893;5290;5291;5293;5294;5295;5296;53358;5594;5595;5604;5605;572;5781;5894;5925;595;5970;598;613;6464;6654;6655;673;6776;6777;7040;7042;7043;7046;7048;7157;8503;8517;861;867;868;9846"
"path:04020"	"Calcium signaling pathway"	"13/883"	"177/21796"	0.0283191629912609	0.43024673582991	"1129;2767;2778;2905;3709;4842;4843;5024;5027;5731;623;6261;63928"	"107;108;10800;109;11261;1128;1129;113;113026;1131;1133;1139;114;115;135;136;146;147;148;153;154;155;163688;1812;1816;185;1909;1910;1956;196883;2064;2065;2066;2149;2185;22953;23236;2767;2769;2774;2776;2778;2902;2903;2905;2906;291;2911;2915;292;2925;293;3269;3274;3356;3357;3358;3360;3361;3362;3363;3706;3707;3708;3709;3710;3973;4638;4842;4843;4846;487;488;489;490;491;492;4923;493;5021;5023;5024;5025;5026;5027;51196;5136;5137;5153;5156;5159;51806;5255;5256;5257;5260;5261;5330;5331;5332;5333;5335;5336;5350;5481;552;553;5530;5532;5533;5534;5535;5566;5567;5568;5578;5579;5582;5613;56413;56848;57105;5724;5731;5733;5737;623;624;6261;6262;6263;63928;6543;6546;6547;683;6865;6869;6870;6915;7125;7134;7201;7220;7416;7417;7419;773;774;775;776;777;778;779;801;805;808;810;814;815;816;817;818;83447;84812;85366;886;887;8877;8911;8912;8913;89869;9127;91807;952;9630"
"path:03010"	"Ribosome"	"8/883"	"90/21796"	0.029468954508898	0.43024673582991	"25873;28998;6129;6132;6141;6168;7311;9349"	"11224;140801;200916;2197;23521;25873;284288;28998;3921;4549;4550;4736;51065;51121;51187;6122;6123;6124;6125;6128;6129;6130;6132;6133;6134;6135;6136;6137;6138;6139;6141;6142;6143;6144;6146;6147;6152;6154;6155;6156;6157;6158;6159;6160;6161;6164;6165;6166;6167;6168;6169;6170;6171;6173;6175;6176;6181;6187;6188;6189;6191;6192;6193;6194;6201;6202;6203;6204;6205;6206;6207;6209;6210;6217;6218;6222;6223;6224;6227;6228;6229;6230;6231;6232;6233;6234;6235;7311;9045;9349"
"path:04540"	"Gap junction"	"8/883"	"90/21796"	0.029468954508898	0.43024673582991	"1950;2767;2778;3265;347733;3709;5894;7280"	"10376;10381;10382;10383;107;10746;108;109;111;112;112714;113;113457;114;115;1453;153;1812;1813;1902;1950;1956;196883;203068;23236;2697;2767;2770;2771;2773;2776;2778;2885;2911;2915;2977;2982;2983;3265;3356;3357;3358;347688;347733;3708;3709;3710;3845;4893;5154;5155;5156;5159;51807;5330;5331;5332;5566;5567;5568;5578;5579;5582;5592;5593;5594;5595;5598;56034;5604;5605;5607;5613;56604;57369;5894;6654;6655;6714;7082;7277;7278;7280;7846;79861;80310;81027;84617;84790;983"
"path:04664"	"Fc epsilon RI signaling pathway"	"7/883"	"75/21796"	0.0320598500932143	0.438819198150871	"3265;3596;5319;5894;6416;7410;81579"	"10000;100137049;10451;123745;1432;1437;207;208;2205;2206;2207;23533;2534;26279;27040;2885;30814;3265;3562;3565;3567;3596;3635;3845;391013;3937;4067;4893;50487;5163;5290;5291;5293;5294;5295;5296;5319;5320;5321;5322;5335;5336;5594;5595;5599;5600;5601;5602;5603;5604;5605;5606;5608;5609;5879;5880;5881;5894;6300;6416;64600;6654;6655;6850;695;7124;7409;7410;81579;8398;8399;84647;8503;8681;9846"
"path:00640"	"Propanoate metabolism"	"4/883"	"32/21796"	0.039114479635193	0.492896250076466	"3945;501;5096;92483"	"160287;18;1892;1962;217;219;223;224;23417;26275;3030;31;32;34;38;39;3939;3945;3948;4329;4594;501;5095;5096;55902;79611;84532;84693;8801;8802;8803;92483"
"path:00472"	"D-Arginine and D-ornithine metabolism"	"1/883"	"1/21796"	0.0405120205542301	0.492896250076466	"1610"	"1610"
"path:04972"	"Pancreatic secretion"	"8/883"	"97/21796"	0.0431305459910953	0.494537905840208	"1358;2778;3709;480;5319;6558;81579;9545"	"100137049;10136;1056;107;108;1080;109;111;112;113;1131;114;115;1179;123745;1357;1358;1359;1360;1361;1506;1811;196883;219931;22802;23236;23436;23439;26279;2776;2778;30814;3708;3709;3710;3778;3784;387;391013;4218;476;477;478;480;481;482;483;486;487;488;489;490;491;492;493;50487;51032;5319;5320;5321;5322;5330;5331;5332;5406;5407;5408;5578;5579;5582;5644;5645;5646;5874;5879;5906;5908;6262;63036;6344;64600;6522;6548;6558;683;7220;81579;8398;8399;84647;8671;8681;8766;886;952;9545;9635"
"path:04912"	"GnRH signaling pathway"	"8/883"	"98/21796"	0.0453731494916961	0.494537905840208	"2767;2778;3265;3709;5319;5894;6416;81579"	"100137049;107;10746;108;1081;109;111;112;113;114;115;123745;1432;163688;1839;1956;196883;2002;2185;23236;2488;26279;2767;2776;2778;2796;2797;2798;2885;30814;3265;3708;3709;3710;3725;3845;391013;3972;4214;4215;4216;4313;4323;468;4893;50487;51806;5319;5320;5321;5322;5330;5331;5332;5337;5338;5566;5567;5568;5594;5595;5598;5599;5600;5601;5602;5603;5604;5605;5606;5608;5609;5613;5894;6300;6416;64600;6654;6655;6714;775;776;778;779;801;805;808;810;815;81579;816;817;818;8398;8399;84647;8681;998"
"path:04742"	"Taste transduction"	"5/883"	"49/21796"	0.0474214430257733	0.494537905840208	"259287;259295;2778;353164;80835"	"112;114;196883;259285;259286;259287;259289;259290;259291;259292;259294;259295;259296;2778;2782;2784;2785;2914;29850;338398;353164;3710;3745;40;50831;50832;50833;50834;50835;50836;50837;50838;50839;50840;51764;54429;5566;5567;5568;5613;5726;6337;6338;6340;773;774;80834;80835;83756"
