"pathwayId"	"pathwayName"	"annMoleculeRatio"	"annBgRatio"	"pvalue"	"fdr"	"annMoleculeList"	"annBgMoleculeList"
"path:03010"	"Ribosome"	"10/589"	"90/21796"	0.000158102144410366	0.0346243696258701	"25873;6122;6124;6136;6137;6144;6152;6222;6233;9349"	"11224;140801;200916;2197;23521;25873;284288;28998;3921;4549;4550;4736;51065;51121;51187;6122;6123;6124;6125;6128;6129;6130;6132;6133;6134;6135;6136;6137;6138;6139;6141;6142;6143;6144;6146;6147;6152;6154;6155;6156;6157;6158;6159;6160;6161;6164;6165;6166;6167;6168;6169;6170;6171;6173;6175;6176;6181;6187;6188;6189;6191;6192;6193;6194;6201;6202;6203;6204;6205;6206;6207;6209;6210;6217;6218;6222;6223;6224;6227;6228;6229;6230;6231;6232;6233;6234;6235;7311;9045;9349"
"path:05220"	"Chronic myeloid leukemia"	"8/589"	"72/21796"	0.000709882446933596	0.0777321279392288	"25;4792;5970;6655;7042;7046;7157;867"	"10000;1019;1021;1026;1027;1029;1147;1398;1399;1487;1488;1869;1870;1871;207;208;2122;23533;23624;25;25759;2885;3065;3066;3265;3551;369;3845;399694;4089;4193;4609;4790;4792;4893;5290;5291;5293;5294;5295;5296;53358;5594;5595;5604;5605;572;5781;5894;5925;595;5970;598;613;6464;6654;6655;673;6776;6777;7040;7042;7043;7046;7048;7157;8503;8517;861;867;868;9846"
"path:04662"	"B cell receptor signaling pathway"	"7/589"	"70/21796"	0.00279466337949263	0.165874464915403	"4792;5970;6655;695;7410;930;974"	"10000;10451;10725;10892;11261;1147;118788;1380;207;208;2353;23533;25780;27071;2885;2932;29760;3265;3551;3635;3725;3845;4067;4772;4773;4775;4776;4790;4792;4793;4794;4893;5290;5291;5293;5294;5295;5296;5530;5532;5533;5534;5535;5594;5595;5604;5605;5777;5879;5880;5881;5894;5970;63928;6654;6655;6850;695;7409;7410;84433;8503;8517;8915;930;933;971;973;974;975"
"path:05416"	"Viral myocarditis"	"7/589"	"71/21796"	0.00302967059206216	0.165874464915403	"1605;1981;1982;25;3107;4619;60"	"100133583;1525;1604;1605;1756;1981;1982;22989;25;2534;27;3105;3106;3107;3108;3109;3111;3112;3113;3115;3117;3118;3119;3122;3123;3125;3126;3127;3133;3134;3135;3383;3683;3689;4619;4620;4621;4622;4624;4625;4626;4627;4628;4629;54205;5551;57644;5879;5880;5881;595;60;637;6442;6443;6444;6445;652614;71;79784;836;841;842;857;8672;8735;940;941;942;958;959"
"path:05131"	"Shigellosis"	"6/589"	"61/21796"	0.00598939263087361	0.262335397232264	"25;3678;4792;5970;60;960"	"10092;10093;10094;10095;10109;10163;10392;10459;10552;1147;1398;1399;1432;1445;1729;1793;2017;23291;25;3059;345456;3551;3576;3678;3688;375189;391;4790;4792;4793;5216;5217;5594;5595;5599;5600;5601;5602;5603;5879;5970;60;6093;6300;64127;653888;71;7307;7414;7454;81873;8517;8767;8936;8945;8976;9474;9475;960;9844;998"
"path:05340"	"Primary immunodeficiency"	"4/589"	"33/21796"	0.0116064863437939	0.342939408968624	"3932;695;7535;930"	"100;115650;23495;29760;29851;326;3561;3575;3932;4261;57379;5788;5896;5897;5993;5994;64421;6890;6891;695;7374;7535;8517;8625;915;916;920;925;926;930;958;959;973"
"path:05100"	"Bacterial invasion of epithelial cells"	"6/589"	"71/21796"	0.0123391251947912	0.342939408968624	"1496;26052;3678;60;867;9564"	"10059;10092;10093;10094;10095;10109;10163;10459;10552;1211;1212;1213;1398;1399;1495;1496;1499;1731;1759;1785;1793;2017;2335;23533;23607;23624;2549;25759;26052;26084;29119;3059;3611;3678;3688;387;391;399694;4233;5290;5291;5293;5294;5295;5296;53358;5747;5829;5879;60;6464;653888;6714;71;7414;7454;79658;81873;8218;8503;857;858;859;867;868;8936;8976;9564;9844;998;999"
"path:04810"	"Regulation of actin cytoskeleton"	"12/589"	"211/21796"	0.0125274669942876	0.342939408968624	"26291;3655;3678;3681;54961;60;623;6548;6655;7410;8074;9564"	"10092;10093;10094;10095;10109;10152;10163;10297;10298;103910;10398;10451;10458;10552;10627;10672;1072;1073;10787;10788;1128;1129;1131;1132;1133;128239;1398;1399;1445;1729;1730;1793;1950;1956;200576;2147;2149;2245;2246;2247;2248;2249;2250;2251;2252;2253;2254;2255;2256;2257;2258;2259;2260;2261;2263;2264;22800;22801;22808;23191;2335;23365;23396;23533;26230;26281;26291;26999;27006;2768;28964;2909;2934;29895;3071;324;3265;345456;3630;3645;3655;3672;3673;3674;3675;3676;3678;3679;3680;3681;3682;3683;3684;3685;3687;3688;3689;369;3690;3691;3693;3694;3695;3696;375189;3845;387;3984;3985;4342;4478;4633;4636;4638;4659;4893;5058;5062;5063;50649;5154;5155;5156;5159;5216;5217;5290;5291;5293;5294;5295;5296;5305;54434;54961;5499;5500;5501;55740;55845;5594;5595;55970;56034;5604;5605;56924;57144;5747;5829;58498;5879;5880;5881;5894;5962;60;6093;623;6237;624;653888;6548;6654;6655;673;7074;71;7114;7117;7409;7410;7414;7430;7454;79837;80310;8074;81;81624;81873;8394;8395;8396;8503;8515;8516;85366;85464;85477;87;88;8817;8822;8823;8826;8874;89;8936;8976;89846;9087;9138;91807;929;93408;9459;9475;9564;9965;998"
"path:04722"	"Neurotrophin signaling pathway"	"8/589"	"126/21796"	0.0212027076611128	0.435088724107108	"25;4792;4916;5970;6655;7157;7531;801"	"10000;10019;10603;10782;10818;10971;11108;11213;1398;1399;1432;1445;163688;207;208;2309;23533;25;2549;25759;25970;27018;27330;2885;2889;2932;3265;3551;356;3654;3656;3667;3725;3845;387;396;397;399694;4214;4215;4217;468;4790;4792;4793;4794;4803;4804;4893;4908;4909;4914;4915;4916;51135;5163;51806;5290;5291;5293;5294;5295;5296;5335;53358;5336;5594;5595;5598;5599;5600;5601;5602;5603;5604;5605;5607;5609;5663;5664;572;57498;5781;581;5879;5894;5906;5908;596;5970;6195;6196;6197;627;6272;6300;6464;6654;6655;673;7157;7161;7189;7529;7531;7532;7533;7534;801;805;808;810;814;815;816;817;818;8471;8503;8660;8767;8986;9252;9261;9500;998"
"path:05142"	"Chagas disease"	"7/589"	"103/21796"	0.0217156108376546	0.435088724107108	"2778;4792;5521;55844;5970;7042;7046"	"10000;10333;107;1147;1432;148022;1636;207;208;23236;2353;23533;2767;2769;2770;2771;2773;2774;2775;2776;2778;3456;3458;3459;3460;355;3551;3553;3558;356;3569;3576;3586;3592;3593;3654;3725;4087;4088;414062;4615;4790;4792;4843;5054;51135;5290;5291;5293;5294;5295;5296;5330;5331;5332;54106;5515;5516;5518;5519;5520;5521;5522;55844;5594;5595;5599;5600;5601;5602;5603;5970;624;6300;6348;6349;6352;6416;7040;7042;7043;7046;7048;7097;7099;712;7124;713;7132;714;718;7189;811;841;8503;8517;8772;8837;915;916;917;919;9630"
"path:03040"	"Spliceosome"	"8/589"	"128/21796"	0.0230521316500594	0.435088724107108	"10285;23451;24148;3178;3190;3312;6427;6429"	"10084;10189;10262;10285;10286;10291;10450;10465;10523;10569;10594;10713;10772;10907;10915;10929;10946;10992;11017;11157;11325;11338;144983;151903;153527;1655;1659;1665;220988;22827;22916;22938;22985;23020;23350;23450;23451;23658;24148;25766;25804;25949;26121;27258;27316;27339;29896;3178;3183;3190;3192;3303;3304;3305;3306;3310;3312;4116;4670;4686;4809;494115;5093;51340;51362;51503;51639;51645;51690;51691;51729;5356;55110;55119;55660;55696;56259;56949;57187;57461;57819;58517;6426;6427;6428;6429;6430;6431;6432;6434;653884;6625;6626;6627;6628;6629;6631;6632;6633;6634;6635;6636;6637;7307;7919;8175;83443;84321;8449;84844;84950;84991;8559;8683;8896;9092;9128;9129;9343;9410;9416;9716;9775;9785;9879;988;9939;9984"
"path:04660"	"T cell receptor signaling pathway"	"7/589"	"105/21796"	0.0238404780332662	0.435088724107108	"3932;4792;5970;6655;7410;7535;867"	"10000;10125;1019;10298;10451;10725;10892;11261;1147;1326;1432;1437;1493;1739;207;208;2353;23533;23624;2534;27040;2885;2932;29851;3265;3458;3551;3558;3565;3567;3586;3702;3725;3845;387;3932;3937;4690;4772;4773;4775;4776;4790;4792;4793;4794;4893;5058;5062;5063;5133;5163;5290;5291;5293;5294;5295;5296;5530;5532;5533;5534;5535;5594;5595;5600;5603;5604;5605;5609;56924;57144;5777;5788;5894;5970;6300;63928;6654;6655;6885;7006;7124;7409;7410;7535;8440;84433;8503;8517;867;868;8915;9020;915;916;917;919;920;925;926;940;9402;959;998"
"path:05414"	"Dilated cardiomyopathy"	"6/589"	"85/21796"	0.0275751075513806	0.453528791227811	"1605;2778;3655;3678;60;7042"	"10368;10369;107;108;109;111;112;113;114;115;153;1605;1674;1756;196883;2010;22801;27091;27092;2778;3479;3655;3672;3673;3674;3675;3676;3678;3679;3680;3685;3688;3690;3691;3693;3694;3695;3696;4000;4607;4633;4634;5350;5566;5567;5568;55799;5613;59283;59284;59285;60;6262;6442;6443;6444;6445;70;7040;7042;7043;71;7124;7134;7137;7139;7168;7169;7170;7171;7273;775;776;778;779;781;782;783;784;785;786;8515;8516;9254;93589"
"path:04970"	"Salivary secretion"	"6/589"	"86/21796"	0.0289927081150199	0.453528791227811	"1470;2778;5542;55503;6548;801"	"107;108;109;111;112;113;1131;114;115;146;1469;147;1470;1471;1472;1473;148;153;154;155;163688;1755;196883;23236;23439;2776;2778;2977;2982;2983;3346;362;3708;3709;3710;3778;3783;4025;4069;4589;476;477;478;480;481;482;483;4842;486;490;491;492;493;51806;5330;5331;5332;54831;5542;55503;5554;5555;5566;5567;5568;5578;5579;5582;5592;5593;5613;6263;6522;653247;6548;6558;6779;683;6844;727897;801;805;808;810;820;952"
"path:00510"	"N-Glycan biosynthesis"	"4/589"	"48/21796"	0.0403055726400805	0.588253613911013	"11253;6185;6480;8813"	"10195;10905;11253;11282;11320;144245;146664;1603;1650;1798;199857;201595;22845;23193;2530;25834;2683;29880;29929;3703;4121;4122;4124;4245;4247;4248;4249;440138;54344;56052;57134;57171;6184;6185;6480;7841;79053;79087;79796;79868;7991;84920;85365;8703;8704;8813;8818;91869"
"path:05412"	"Arrhythmogenic right ventricular cardiomyopathy (ARVC)"	"5/589"	"71/21796"	0.0429774329798001	0.588253613911013	"1496;1605;3655;3678;60"	"1000;10368;10369;1495;1496;1499;1605;1674;1756;1824;1829;1832;2010;22801;2697;27091;27092;29119;3655;3672;3673;3674;3675;3676;3678;3679;3680;3685;3688;3690;3691;3693;3694;3695;3696;3728;4000;51176;5318;55799;59283;59284;59285;60;6262;6442;6443;6444;6445;6932;6934;71;775;776;778;779;781;782;783;784;785;786;81;83439;8515;8516;87;88;89;9254;93589"
"path:00020"	"Citrate cycle (TCA cycle)"	"3/589"	"30/21796"	0.0464568661824984	0.598473746703951	"4190;48;55753"	"1431;1737;1738;1743;2271;3417;3418;3419;3420;3421;4190;4191;47;48;4967;50;5091;5105;5106;5160;5161;5162;55753;6389;6390;6391;6392;8801;8802;8803"
"path:04144"	"Endocytosis"	"10/589"	"203/21796"	0.0497521068937623	0.605317300540775	"10938;116986;160;23550;26052;3107;3312;7042;7046;867"	"10015;10059;10193;10254;10617;10938;11031;11059;11267;11311;116983;116984;116985;116986;116987;1173;1175;1211;1212;1213;1234;128866;131890;137492;138429;1436;153;154;155;155382;156;157;160;1601;161;163;1759;1785;1950;1956;2060;2065;2066;2149;2261;2263;2264;22841;22905;23096;2321;23327;23362;23396;2348;2350;2352;23527;23550;23624;25978;26052;26056;26119;26286;27183;27243;2868;2869;2870;28964;29082;29924;30011;30844;30845;30846;3105;3106;3107;3133;3134;3135;3265;3303;3304;3305;3306;3310;3312;3480;3559;3560;3561;3577;3579;3791;3815;382;387;390243;3949;408;4087;4088;409;4091;4092;4193;4233;440073;4734;4914;50807;50855;51028;51100;51160;51510;51534;5156;51652;5337;5338;5371;55040;55048;55616;55738;5584;5590;56288;5662;56904;57132;57154;57403;5867;5868;5869;5878;5979;6011;60682;64145;64411;6455;6456;6457;64744;64750;652346;652614;6714;7037;7040;7042;7043;7046;7048;7189;7251;7852;7879;79643;79720;80223;80230;8027;8218;83737;8394;8395;8411;84249;84313;84364;84440;84552;84612;857;858;859;867;868;8766;8853;89853;9101;9135;9146;9230;92421;93343;9372;9525;9727;9744;9765;9815;9829;9922;998"
