"pathwayId"	"pathwayName"	"annMoleculeRatio"	"annBgRatio"	"pvalue"	"fdr"	"annMoleculeList"	"annBgMoleculeList"
"path:04146"	"Peroxisome"	"8/754"	"78/21796"	0.00549598286929687	0.842176301369387	"10901;2181;373156;4358;4843;5827;7498;84188"	"10005;10455;10478;10654;10901;11001;11264;1384;1610;189;1891;1962;196743;2053;215;2180;2181;2182;225;23305;23417;23600;255027;25824;26061;26063;30;3155;3295;3417;3418;373156;390916;4358;4598;4843;5052;51;51179;51268;51703;5189;5190;5191;5192;5193;5194;5195;5264;54363;54677;55670;55711;55825;570;5824;5825;5826;5827;5828;5830;6342;6647;6648;7498;8309;8310;83594;84188;8443;847;8504;8528;8540;8799;8800;92960;9409"
"path:05414"	"Dilated cardiomyopathy"	"8/754"	"85/21796"	0.00914948465778131	0.842176301369387	"2778;3479;3655;3672;3678;3685;4633;7169"	"10368;10369;107;108;109;111;112;113;114;115;153;1605;1674;1756;196883;2010;22801;27091;27092;2778;3479;3655;3672;3673;3674;3675;3676;3678;3679;3680;3685;3688;3690;3691;3693;3694;3695;3696;4000;4607;4633;4634;5350;5566;5567;5568;55799;5613;59283;59284;59285;60;6262;6442;6443;6444;6445;70;7040;7042;7043;71;7124;7134;7137;7139;7168;7169;7170;7171;7273;775;776;778;779;781;782;783;784;785;786;8515;8516;9254;93589"
"path:00590"	"Arachidonic acid metabolism"	"6/754"	"57/21796"	0.0136421260062491	0.842176301369387	"239;257202;2878;4048;5322;5740"	"100137049;113612;123745;124975;1555;1557;1558;1559;1562;1571;1573;1579;2053;239;240;242;246;247;257202;26279;2678;2686;2687;27306;284541;2876;2877;2878;2880;2882;30814;391013;4048;4051;4056;50487;5319;5320;5321;5322;5730;5740;5742;5743;64600;6916;80142;81579;8398;8399;84647;8529;8644;8681;873;874;9536"
"path:05410"	"Hypertrophic cardiomyopathy (HCM)"	"7/754"	"78/21796"	0.018252557982356	0.842176301369387	"3479;3655;3672;3678;3685;4633;7169"	"10368;10369;1605;1636;1674;1756;2010;22801;27091;27092;3479;3569;3655;3672;3673;3674;3675;3676;3678;3679;3680;3685;3688;3690;3691;3693;3694;3695;3696;4000;4607;4633;4634;51422;53632;5562;5563;5564;5565;5571;55799;59283;59284;59285;60;6262;6442;6443;6444;6445;70;7040;7042;7043;71;7124;7134;7137;7139;7168;7169;7170;7171;7273;775;776;778;779;781;782;783;784;785;786;8515;8516;9254;93589"
"path:04972"	"Pancreatic secretion"	"8/754"	"97/21796"	0.0192277694376572	0.842176301369387	"1358;22802;2778;3709;3784;480;5322;5407"	"100137049;10136;1056;107;108;1080;109;111;112;113;1131;114;115;1179;123745;1357;1358;1359;1360;1361;1506;1811;196883;219931;22802;23236;23436;23439;26279;2776;2778;30814;3708;3709;3710;3778;3784;387;391013;4218;476;477;478;480;481;482;483;486;487;488;489;490;491;492;493;50487;51032;5319;5320;5321;5322;5330;5331;5332;5406;5407;5408;5578;5579;5582;5644;5645;5646;5874;5879;5906;5908;6262;63036;6344;64600;6522;6548;6558;683;7220;81579;8398;8399;84647;8671;8681;8766;886;952;9545;9635"
"path:04512"	"ECM-receptor interaction"	"7/754"	"84/21796"	0.0262667735415588	0.947317991054092	"1292;3655;3672;3678;3685;3910;5649"	"10319;1101;1277;1278;1280;1281;1282;1284;1286;1288;1289;1290;1291;1292;1293;1301;1302;1311;131873;1605;22798;22801;22987;2335;2811;2812;2814;2815;284217;3161;3339;3371;3381;3655;3672;3673;3674;3675;3676;3678;3679;3680;3685;3688;3690;3691;3693;3694;3695;3696;375790;3908;3909;3910;3911;3912;3913;3914;3915;3918;50509;51206;5649;6382;6383;6385;63923;6696;7057;7058;7059;7060;7143;7148;7448;7450;8515;8516;948;960;961;9672;9899;9900"
"path:04810"	"Regulation of actin cytoskeleton"	"13/754"	"211/21796"	0.0324188673216603	0.947317991054092	"2260;23396;3655;3672;3678;3685;3689;4633;4893;623;7410;88;8826"	"10092;10093;10094;10095;10109;10152;10163;10297;10298;103910;10398;10451;10458;10552;10627;10672;1072;1073;10787;10788;1128;1129;1131;1132;1133;128239;1398;1399;1445;1729;1730;1793;1950;1956;200576;2147;2149;2245;2246;2247;2248;2249;2250;2251;2252;2253;2254;2255;2256;2257;2258;2259;2260;2261;2263;2264;22800;22801;22808;23191;2335;23365;23396;23533;26230;26281;26291;26999;27006;2768;28964;2909;2934;29895;3071;324;3265;345456;3630;3645;3655;3672;3673;3674;3675;3676;3678;3679;3680;3681;3682;3683;3684;3685;3687;3688;3689;369;3690;3691;3693;3694;3695;3696;375189;3845;387;3984;3985;4342;4478;4633;4636;4638;4659;4893;5058;5062;5063;50649;5154;5155;5156;5159;5216;5217;5290;5291;5293;5294;5295;5296;5305;54434;54961;5499;5500;5501;55740;55845;5594;5595;55970;56034;5604;5605;56924;57144;5747;5829;58498;5879;5880;5881;5894;5962;60;6093;623;6237;624;653888;6548;6654;6655;673;7074;71;7114;7117;7409;7410;7414;7430;7454;79837;80310;8074;81;81624;81873;8394;8395;8396;8503;8515;8516;85366;85464;85477;87;88;8817;8822;8823;8826;8874;89;8936;8976;89846;9087;9138;91807;929;93408;9459;9475;9564;9965;998"
"path:04530"	"Tight junction"	"9/754"	"131/21796"	0.0383971874989268	0.947317991054092	"23136;3993;4627;4629;4633;4893;55844;58494;88"	"10000;1019;10207;103910;10398;10627;10686;11336;1364;1365;1366;137075;1457;1459;1460;149461;1495;1496;1499;150084;154810;2017;2035;2036;2037;207;208;22800;22808;22989;23136;23562;24146;260425;26285;27134;2770;2771;2773;29119;29895;3059;3265;3845;387;3993;3996;4301;4619;4620;4621;4622;4624;4625;4626;4627;4628;4629;4633;4636;4893;4950;49861;5010;50848;50855;51208;51776;53842;5515;5516;5518;5519;5520;5521;5522;5578;5579;5580;5581;5582;5583;5584;55844;55870;5588;5590;56288;5728;57530;57644;58494;58498;5865;5872;60;60412;6237;64398;6714;7082;71;7122;7525;79784;81;8189;83700;84552;84612;8531;8573;87;8735;8777;88;89;9071;9073;9074;9075;9076;9080;9218;9223;92359;93408;93643;9414;9863;998"
"path:04710"	"Circadian rhythm - mammal"	"3/754"	"22/21796"	0.0389308763446887	0.947317991054092	"8863;9572;9575"	"1407;1408;1453;1454;23291;26224;406;4862;5187;6095;6096;6097;6500;79365;8454;8553;8863;8864;8945;9572;9575;9978"
