"pathwayId"	"pathwayName"	"annMoleculeRatio"	"annBgRatio"	"pvalue"	"fdr"	"annMoleculeList"	"annBgMoleculeList"
"path:04520"	"Adherens junction"	"8/789"	"70/21796"	0.00370769533878712	0.711195128932481	"10580;1496;2260;5880;60;7046;88;8976"	"10163;10458;10580;10810;117178;1387;1457;1459;1460;1495;1496;1499;1500;1956;2033;2064;2260;2534;25945;29119;3480;3643;387;4008;4087;4088;4089;4233;4301;51176;51701;5594;5595;56288;5770;5777;5787;5792;5795;5797;5818;5819;5879;5880;5881;60;6591;6615;6714;6885;6932;6934;7046;7048;7082;71;7414;7454;7525;81;81607;83439;87;88;89;8936;8976;9855;998;999"
"path:00330"	"Arginine and proline metabolism"	"6/789"	"54/21796"	0.0130267355981195	0.711195128932481	"1159;1610;501;5625;5832;6303"	"112483;113451;1152;1158;1159;1160;1373;1610;162417;217;219;223;224;2593;26;262;2628;27165;2744;2746;2747;2752;2805;2806;283208;29920;383;384;4128;4129;435;445;4842;4843;4846;4942;4953;5009;501;5033;51056;548596;5625;5831;5832;58510;6303;65263;6611;6723;79814;8659;8974;95"
"path:04662"	"B cell receptor signaling pathway"	"7/789"	"70/21796"	0.0131918566688752	0.711195128932481	"11261;5880;63928;7410;84433;930;975"	"10000;10451;10725;10892;11261;1147;118788;1380;207;208;2353;23533;25780;27071;2885;2932;29760;3265;3551;3635;3725;3845;4067;4772;4773;4775;4776;4790;4792;4793;4794;4893;5290;5291;5293;5294;5295;5296;5530;5532;5533;5534;5535;5594;5595;5604;5605;5777;5879;5880;5881;5894;5970;63928;6654;6655;6850;695;7409;7410;84433;8503;8517;8915;930;933;971;973;974;975"
"path:05100"	"Bacterial invasion of epithelial cells"	"7/789"	"71/21796"	0.0141918494225759	0.711195128932481	"1496;26052;3678;60;8218;8976;9564"	"10059;10092;10093;10094;10095;10109;10163;10459;10552;1211;1212;1213;1398;1399;1495;1496;1499;1731;1759;1785;1793;2017;2335;23533;23607;23624;2549;25759;26052;26084;29119;3059;3611;3678;3688;387;391;399694;4233;5290;5291;5293;5294;5295;5296;53358;5747;5829;5879;60;6464;653888;6714;71;7414;7454;79658;81873;8218;8503;857;858;859;867;868;8936;8976;9564;9844;998;999"
"path:04530"	"Tight junction"	"10/789"	"131/21796"	0.0208203511603277	0.711195128932481	"11336;1496;24146;4619;4627;49861;5521;5728;60;88"	"10000;1019;10207;103910;10398;10627;10686;11336;1364;1365;1366;137075;1457;1459;1460;149461;1495;1496;1499;150084;154810;2017;2035;2036;2037;207;208;22800;22808;22989;23136;23562;24146;260425;26285;27134;2770;2771;2773;29119;29895;3059;3265;3845;387;3993;3996;4301;4619;4620;4621;4622;4624;4625;4626;4627;4628;4629;4633;4636;4893;4950;49861;5010;50848;50855;51208;51776;53842;5515;5516;5518;5519;5520;5521;5522;5578;5579;5580;5581;5582;5583;5584;55844;55870;5588;5590;56288;5728;57530;57644;58494;58498;5865;5872;60;60412;6237;64398;6714;7082;71;7122;7525;79784;81;8189;83700;84552;84612;8531;8573;87;8735;8777;88;89;9071;9073;9074;9075;9076;9080;9218;9223;92359;93408;93643;9414;9863;998"
"path:04810"	"Regulation of actin cytoskeleton"	"14/789"	"211/21796"	0.0218058880783685	0.711195128932481	"2260;2264;23396;3672;3678;3681;54961;5880;60;7410;88;8826;8976;9564"	"10092;10093;10094;10095;10109;10152;10163;10297;10298;103910;10398;10451;10458;10552;10627;10672;1072;1073;10787;10788;1128;1129;1131;1132;1133;128239;1398;1399;1445;1729;1730;1793;1950;1956;200576;2147;2149;2245;2246;2247;2248;2249;2250;2251;2252;2253;2254;2255;2256;2257;2258;2259;2260;2261;2263;2264;22800;22801;22808;23191;2335;23365;23396;23533;26230;26281;26291;26999;27006;2768;28964;2909;2934;29895;3071;324;3265;345456;3630;3645;3655;3672;3673;3674;3675;3676;3678;3679;3680;3681;3682;3683;3684;3685;3687;3688;3689;369;3690;3691;3693;3694;3695;3696;375189;3845;387;3984;3985;4342;4478;4633;4636;4638;4659;4893;5058;5062;5063;50649;5154;5155;5156;5159;5216;5217;5290;5291;5293;5294;5295;5296;5305;54434;54961;5499;5500;5501;55740;55845;5594;5595;55970;56034;5604;5605;56924;57144;5747;5829;58498;5879;5880;5881;5894;5962;60;6093;623;6237;624;653888;6548;6654;6655;673;7074;71;7114;7117;7409;7410;7414;7430;7454;79837;80310;8074;81;81624;81873;8394;8395;8396;8503;8515;8516;85366;85464;85477;87;88;8817;8822;8823;8826;8874;89;8936;8976;89846;9087;9138;91807;929;93408;9459;9475;9564;9965;998"
"path:04670"	"Leukocyte transendothelial migration"	"9/789"	"116/21796"	0.0250776034678926	0.711195128932481	"1496;24146;4318;49861;5880;60;7410;88;9564"	"1003;103910;10398;10411;10451;10627;10686;11069;1364;1365;1366;137075;1432;149461;1495;1496;1499;1500;1535;1536;2185;23533;23562;24146;26285;27035;2770;2771;2773;2909;29119;29895;3383;3676;3683;3684;3688;3689;3702;387;394;399;4267;4301;4313;4318;4478;4633;4636;4688;4689;4950;49861;5010;50508;50848;51208;5175;5290;5291;5293;5294;5295;5296;5335;5336;53842;5578;5579;5582;5600;5603;5747;5781;5829;58494;58498;5879;5880;5906;5908;60;6093;6300;6387;6494;653361;7070;71;7122;7294;7408;7409;7410;7412;7414;7430;7852;81;83593;83700;8503;87;88;89;9071;9073;9074;9075;9076;9080;90952;93408;9475;9564;998"
"path:05414"	"Dilated cardiomyopathy"	"7/789"	"85/21796"	0.0343404403267309	0.711195128932481	"1605;2778;3672;3678;60;7042;7169"	"10368;10369;107;108;109;111;112;113;114;115;153;1605;1674;1756;196883;2010;22801;27091;27092;2778;3479;3655;3672;3673;3674;3675;3676;3678;3679;3680;3685;3688;3690;3691;3693;3694;3695;3696;4000;4607;4633;4634;5350;5566;5567;5568;55799;5613;59283;59284;59285;60;6262;6442;6443;6444;6445;70;7040;7042;7043;71;7124;7134;7137;7139;7168;7169;7170;7171;7273;775;776;778;779;781;782;783;784;785;786;8515;8516;9254;93589"
"path:00472"	"D-Arginine and D-ornithine metabolism"	"1/789"	"1/21796"	0.0361993026243348	0.711195128932481	"1610"	"1610"
"path:05130"	"Pathogenic Escherichia coli infection"	"5/789"	"52/21796"	0.0393700438584622	0.711195128932481	"203068;25;347733;60;8976"	"10092;10093;10094;10095;10109;10376;10381;10382;10383;10552;112714;113457;1499;2017;203068;23643;25;2534;3059;347688;347733;3688;387;4690;4691;4950;51807;56604;60;6093;653888;7099;71;7100;7277;7278;7280;7430;7454;7846;79861;81027;81873;8440;84617;84790;8976;9181;929;9475;998;999"
"path:05412"	"Arrhythmogenic right ventricular cardiomyopathy (ARVC)"	"6/789"	"71/21796"	0.0434077296680492	0.711195128932481	"1496;1605;3672;3678;60;88"	"1000;10368;10369;1495;1496;1499;1605;1674;1756;1824;1829;1832;2010;22801;2697;27091;27092;29119;3655;3672;3673;3674;3675;3676;3678;3679;3680;3685;3688;3690;3691;3693;3694;3695;3696;3728;4000;51176;5318;55799;59283;59284;59285;60;6262;6442;6443;6444;6445;6932;6934;71;775;776;778;779;781;782;783;784;785;786;81;83439;8515;8516;87;88;89;9254;93589"
"path:05416"	"Viral myocarditis"	"6/789"	"71/21796"	0.0434077296680492	0.711195128932481	"1605;25;4619;4627;5880;60"	"100133583;1525;1604;1605;1756;1981;1982;22989;25;2534;27;3105;3106;3107;3108;3109;3111;3112;3113;3115;3117;3118;3119;3122;3123;3125;3126;3127;3133;3134;3135;3383;3683;3689;4619;4620;4621;4622;4624;4625;4626;4627;4628;4629;54205;5551;57644;5879;5880;5881;595;60;637;6442;6443;6444;6445;652614;71;79784;836;841;842;857;8672;8735;940;941;942;958;959"
"path:04114"	"Oocyte meiosis"	"8/789"	"111/21796"	0.0484737714371422	0.711195128932481	"11261;5241;5526;6196;63928;64506;6790;805"	"1017;10393;10459;107;10734;10744;108;109;10971;111;112;11261;113;114;115;151648;163688;196883;23291;245711;246184;25847;26271;27127;27330;286151;29882;29945;3479;3480;3630;367;3708;3709;3710;387778;4085;4342;51433;51434;51529;51806;5241;5347;5499;5500;5501;5515;5516;5518;5519;5525;5526;5527;5528;5529;5530;5532;5533;5534;5535;5566;5567;5568;5594;5595;5604;5605;5613;6195;6196;6197;63928;64506;64682;6500;650621;6790;699;7529;7531;7532;7533;7534;801;805;808;810;815;816;817;818;8243;8454;8697;8881;8945;898;89869;9088;9126;9134;9232;9700;9748;983;991;995;996;9978;9985"
"path:03060"	"Protein export"	"3/789"	"23/21796"	0.0488498796807755	0.711195128932481	"10952;58477;6726"	"10952;11231;196294;23478;23480;28972;29927;3309;5018;55176;58477;60559;6726;6727;6728;6729;6730;6731;6734;7095;83943;90701;9789"
