"pathwayId"	"pathwayName"	"annMoleculeRatio"	"annBgRatio"	"pvalue"	"fdr"	"annMoleculeList"	"annBgMoleculeList"
"path:05416"	"Viral myocarditis"	"14/1540"	"71/21796"	0.000386521078612478	0.0846481162161328	"1982;25;3105;3107;3115;3118;3119;3134;3689;4619;4626;57644;60;958"	"100133583;1525;1604;1605;1756;1981;1982;22989;25;2534;27;3105;3106;3107;3108;3109;3111;3112;3113;3115;3117;3118;3119;3122;3123;3125;3126;3127;3133;3134;3135;3383;3683;3689;4619;4620;4621;4622;4624;4625;4626;4627;4628;4629;54205;5551;57644;5879;5880;5881;595;60;637;6442;6443;6444;6445;652614;71;79784;836;841;842;857;8672;8735;940;941;942;958;959"
"path:04670"	"Leukocyte transendothelial migration"	"18/1540"	"116/21796"	0.00128453065404299	0.140656106617708	"10627;1496;24146;27035;2909;3689;399;49861;5600;58494;60;6387;7408;7410;9071;9080;9564;998"	"1003;103910;10398;10411;10451;10627;10686;11069;1364;1365;1366;137075;1432;149461;1495;1496;1499;1500;1535;1536;2185;23533;23562;24146;26285;27035;2770;2771;2773;2909;29119;29895;3383;3676;3683;3684;3688;3689;3702;387;394;399;4267;4301;4313;4318;4478;4633;4636;4688;4689;4950;49861;5010;50508;50848;51208;5175;5290;5291;5293;5294;5295;5296;5335;5336;53842;5578;5579;5582;5600;5603;5747;5781;5829;58494;58498;5879;5880;5906;5908;60;6093;6300;6387;6494;653361;7070;71;7122;7294;7408;7409;7410;7412;7414;7430;7852;81;83593;83700;8503;87;88;89;9071;9073;9074;9075;9076;9080;90952;93408;9475;9564;998"
"path:04060"	"Cytokine-cytokine receptor interaction"	"26/1540"	"213/21796"	0.00454020932772281	0.285918514503707	"10673;116379;1441;2321;23765;27190;3455;355;3572;3575;3597;3600;3606;4982;5159;5617;6348;6387;7042;7046;7133;7173;8600;8742;9560;958"	"10563;10663;10673;10803;10913;115650;116379;1230;1232;1233;1234;1235;1236;1237;1270;1271;1435;1436;1437;1438;1439;1440;1441;1489;149233;1524;163702;1896;1950;1956;2056;2057;2277;2321;2322;2323;2324;23495;23529;23765;268;269;2690;27190;27242;2826;2829;2833;3082;338376;3439;3440;3441;3442;3443;3444;3445;3446;3447;3448;3449;3451;3452;3454;3455;3456;3458;3459;3460;3467;355;3552;3553;3554;3556;3558;3559;356;3560;3561;3562;3563;3565;3566;3567;3568;3569;3570;3572;3574;3575;3576;3577;3578;3579;3581;3586;3587;3588;3589;3590;3592;3593;3594;3595;3596;3597;3600;3601;3604;3605;3606;3627;3791;3815;388372;3952;3953;3976;3977;4049;4050;4055;414062;4233;4254;4283;4352;4804;4982;5008;50615;50616;51330;5156;51561;5159;5196;5197;53832;53833;5473;55504;55540;55801;5617;5618;56832;57007;58191;58985;59067;60401;608;6348;6349;6351;6352;6370;6373;6376;6387;64109;643;64806;657;658;659;7040;7042;7043;7046;7048;7124;7132;7133;7173;7292;729230;7293;7424;7850;7852;84957;85480;8600;8718;8740;8741;8742;8743;8744;8764;8771;8784;8792;8807;8809;8995;90;91;9180;92;93;939;943;944;9547;9560;958;959;970;9966"
"path:05330"	"Allograft rejection"	"8/1540"	"39/21796"	0.00522225597267045	0.285918514503707	"3105;3107;3115;3118;3119;3134;355;958"	"100133583;3002;3105;3106;3107;3108;3109;3111;3112;3113;3115;3117;3118;3119;3122;3123;3125;3126;3127;3133;3134;3135;3458;355;3558;356;3565;3567;3586;3592;3593;5551;652614;7124;940;941;942;958;959"
"path:04972"	"Pancreatic secretion"	"14/1540"	"97/21796"	0.00811775698860562	0.312365245402057	"10136;115;1358;22802;2778;3784;487;492;5408;63036;6548;6558;81579;9545"	"100137049;10136;1056;107;108;1080;109;111;112;113;1131;114;115;1179;123745;1357;1358;1359;1360;1361;1506;1811;196883;219931;22802;23236;23436;23439;26279;2776;2778;30814;3708;3709;3710;3778;3784;387;391013;4218;476;477;478;480;481;482;483;486;487;488;489;490;491;492;493;50487;51032;5319;5320;5321;5322;5330;5331;5332;5406;5407;5408;5578;5579;5582;5644;5645;5646;5874;5879;5906;5908;6262;63036;6344;64600;6522;6548;6558;683;7220;81579;8398;8399;84647;8671;8681;8766;886;952;9545;9635"
"path:05332"	"Graft-versus-host disease"	"7/1540"	"35/21796"	0.0101266817132061	0.312365245402057	"3105;3107;3115;3118;3119;3134;355"	"100133583;3002;3105;3106;3107;3108;3109;3111;3112;3113;3115;3117;3118;3119;3122;3123;3125;3126;3127;3133;3134;3135;3458;355;3552;3553;3558;356;3569;5551;652614;7124;940;941;942"
"path:04530"	"Tight junction"	"17/1540"	"131/21796"	0.0109038631578027	0.312365245402057	"10627;11336;1496;24146;3993;4619;4626;49861;55844;57644;58494;60;84552;8573;9071;9080;998"	"10000;1019;10207;103910;10398;10627;10686;11336;1364;1365;1366;137075;1457;1459;1460;149461;1495;1496;1499;150084;154810;2017;2035;2036;2037;207;208;22800;22808;22989;23136;23562;24146;260425;26285;27134;2770;2771;2773;29119;29895;3059;3265;3845;387;3993;3996;4301;4619;4620;4621;4622;4624;4625;4626;4627;4628;4629;4633;4636;4893;4950;49861;5010;50848;50855;51208;51776;53842;5515;5516;5518;5519;5520;5521;5522;5578;5579;5580;5581;5582;5583;5584;55844;55870;5588;5590;56288;5728;57530;57644;58494;58498;5865;5872;60;60412;6237;64398;6714;7082;71;7122;7525;79784;81;8189;83700;84552;84612;8531;8573;87;8735;8777;88;89;9071;9073;9074;9075;9076;9080;9218;9223;92359;93408;93643;9414;9863;998"
"path:05320"	"Autoimmune thyroid disease"	"9/1540"	"54/21796"	0.0126941964400931	0.312365245402057	"3105;3107;3115;3118;3119;3134;355;7173;958"	"100133583;1081;1493;3002;3105;3106;3107;3108;3109;3111;3112;3113;3115;3117;3118;3119;3122;3123;3125;3126;3127;3133;3134;3135;3439;3440;3441;3442;3443;3444;3445;3446;3447;3448;3449;3451;3452;355;3558;356;3565;3567;3586;5551;652614;7038;7173;7252;7253;940;941;942;958;959"
"path:05150"	"Staphylococcus aureus infection"	"9/1540"	"55/21796"	0.0142533738765507	0.312365245402057	"2212;3115;3118;3119;3426;3689;5724;714;728"	"100133583;10747;1675;1828;2204;2209;2212;2213;2214;2215;2266;2357;2358;2359;3075;3108;3109;3111;3112;3113;3115;3117;3118;3119;3122;3123;3125;3126;3127;3383;3426;3586;3683;3684;3689;4153;5340;5648;5724;629;6403;6404;712;713;714;715;716;717;718;719;720;721;727;728;9103"
"path:00514"	"O-Mannosyl glycan biosynthesis"	"2/1540"	"3/21796"	0.0142632532147058	0.312365245402057	"10585;55624"	"10585;29954;55624"
"path:00604"	"Glycosphingolipid biosynthesis - ganglio series"	"4/1540"	"15/21796"	0.0180509404743086	0.333704022463071	"256435;29906;30815;8869"	"256435;2583;27090;2720;29906;3073;3074;30815;6482;6483;6489;81849;8705;8869;9197"
"path:00510"	"N-Glycan biosynthesis"	"8/1540"	"48/21796"	0.0182851519157847	0.333704022463071	"11253;1650;2530;29929;4245;6185;8813;91869"	"10195;10905;11253;11282;11320;144245;146664;1603;1650;1798;199857;201595;22845;23193;2530;25834;2683;29880;29929;3703;4121;4122;4124;4245;4247;4248;4249;440138;54344;56052;57134;57171;6184;6185;6480;7841;79053;79087;79796;79868;7991;84920;85365;8703;8704;8813;8818;91869"
"path:05131"	"Shigellosis"	"9/1540"	"61/21796"	0.0267029725339798	0.425197118854804	"1399;25;3678;375189;5600;5970;60;9844;998"	"10092;10093;10094;10095;10109;10163;10392;10459;10552;1147;1398;1399;1432;1445;1729;1793;2017;23291;25;3059;345456;3551;3576;3678;3688;375189;391;4790;4792;4793;5216;5217;5594;5595;5599;5600;5601;5602;5603;5879;5970;60;6093;6300;64127;653888;71;7307;7414;7454;81873;8517;8767;8936;8945;8976;9474;9475;960;9844;998"
"path:04145"	"Phagosome"	"18/1540"	"156/21796"	0.0271815509770195	0.425197118854804	"10952;1514;203068;2212;27035;3105;3107;3115;3118;3119;3134;3678;3689;4481;60;81035;8417;929"	"100133583;10312;10332;10333;10376;10381;10382;10383;10952;11151;112714;113457;127124;1311;1514;1520;1535;1536;155066;1778;1780;1781;1783;200576;203068;2204;2209;2212;2213;2214;2215;22925;23480;23545;23673;245972;245973;27035;29927;30835;3105;3106;3107;3108;3109;3111;3112;3113;3115;3117;3118;3119;3122;3123;3125;3126;3127;3133;3134;3135;338382;347688;347733;3673;3678;3684;3685;3688;3689;3690;3693;3916;3920;4074;414308;4153;4353;4360;4481;4688;4689;4842;4973;50508;50617;51143;51382;51606;51807;523;525;526;527;528;5289;529;533;534;53407;535;537;55176;56604;5868;5869;5878;5879;60;6441;64581;652614;653361;653509;6890;6891;7037;7057;7058;7059;7060;7097;7099;71;715;718;7277;7278;7280;7846;7879;78989;79659;79861;81027;81035;811;821;83547;8411;8417;84617;84790;8685;8992;90423;9103;9114;9146;929;9296;9341;948;949;9550;9554;9902"
"path:02010"	"ABC transporters"	"7/1540"	"44/21796"	0.0333260523564732	0.456150341629227	"19;20;340273;368;5243;5826;89845"	"10057;10058;10060;10257;10347;10349;10350;10351;1080;11194;1244;154664;19;20;21;215;22;225;23456;23457;23460;23461;24;26154;340273;368;4363;5243;5244;5825;5826;64137;64240;64241;6833;6890;6891;85320;8647;8714;89845;94160;9429;9619"
"path:04940"	"Type I diabetes mellitus"	"7/1540"	"44/21796"	0.0333260523564732	0.456150341629227	"3105;3107;3115;3118;3119;3134;355"	"100133583;1363;2571;2572;3002;3105;3106;3107;3108;3109;3111;3112;3113;3115;3117;3118;3119;3122;3123;3125;3126;3127;3133;3134;3135;3329;3458;355;3552;3553;3558;356;3592;3593;3630;4049;5551;5798;5799;652614;7124;940;941;942"
"path:04970"	"Salivary secretion"	"11/1540"	"86/21796"	0.0394254533210658	0.465404063002628	"115;1471;2778;2983;492;5542;5592;6548;6558;801;820"	"107;108;109;111;112;113;1131;114;115;146;1469;147;1470;1471;1472;1473;148;153;154;155;163688;1755;196883;23236;23439;2776;2778;2977;2982;2983;3346;362;3708;3709;3710;3778;3783;4025;4069;4589;476;477;478;480;481;482;483;4842;486;490;491;492;493;51806;5330;5331;5332;54831;5542;55503;5554;5555;5566;5567;5568;5578;5579;5582;5592;5593;5613;6263;6522;653247;6548;6558;6779;683;6844;727897;801;805;808;810;820;952"
"path:04810"	"Regulation of actin cytoskeleton"	"22/1540"	"211/21796"	0.0433438208585745	0.465404063002628	"10627;1399;2246;23396;2909;3655;3672;3678;3681;3689;375189;50649;5159;56034;60;6548;7410;81624;8826;929;9564;998"	"10092;10093;10094;10095;10109;10152;10163;10297;10298;103910;10398;10451;10458;10552;10627;10672;1072;1073;10787;10788;1128;1129;1131;1132;1133;128239;1398;1399;1445;1729;1730;1793;1950;1956;200576;2147;2149;2245;2246;2247;2248;2249;2250;2251;2252;2253;2254;2255;2256;2257;2258;2259;2260;2261;2263;2264;22800;22801;22808;23191;2335;23365;23396;23533;26230;26281;26291;26999;27006;2768;28964;2909;2934;29895;3071;324;3265;345456;3630;3645;3655;3672;3673;3674;3675;3676;3678;3679;3680;3681;3682;3683;3684;3685;3687;3688;3689;369;3690;3691;3693;3694;3695;3696;375189;3845;387;3984;3985;4342;4478;4633;4636;4638;4659;4893;5058;5062;5063;50649;5154;5155;5156;5159;5216;5217;5290;5291;5293;5294;5295;5296;5305;54434;54961;5499;5500;5501;55740;55845;5594;5595;55970;56034;5604;5605;56924;57144;5747;5829;58498;5879;5880;5881;5894;5962;60;6093;623;6237;624;653888;6548;6654;6655;673;7074;71;7114;7117;7409;7410;7414;7430;7454;79837;80310;8074;81;81624;81873;8394;8395;8396;8503;8515;8516;85366;85464;85477;87;88;8817;8822;8823;8826;8874;89;8936;8976;89846;9087;9138;91807;929;93408;9459;9475;9564;9965;998"
"path:04612"	"Antigen processing and presentation"	"10/1540"	"77/21796"	0.0440460811946748	0.465404063002628	"1514;3105;3107;3115;3118;3119;3134;4261;567;5721"	"100133583;10197;10437;115653;1385;1508;1514;1520;2923;3105;3106;3107;3108;3109;3111;3112;3113;3115;3117;3118;3119;3122;3123;3125;3126;3127;3133;3134;3135;3303;3304;3305;3306;3308;3310;3312;3320;3326;3458;3802;3803;3804;3805;3806;3808;3809;3810;3811;3812;3821;3822;3823;3824;4261;4800;4801;4802;5641;567;5720;5721;57292;5993;5994;652614;6890;6891;6892;7124;811;821;8302;8625;920;925;926;972"
"path:03440"	"Homologous recombination"	"5/1540"	"28/21796"	0.044089648912091	0.465404063002628	"5888;6117;7516;7517;80198"	"10111;10714;146956;25788;29935;4361;4683;5424;5425;57804;5888;5889;5890;5892;5893;6117;6118;6119;641;6742;675;7156;7516;7517;7979;80198;8438;8940"
"path:04020"	"Calcium signaling pathway"	"19/1540"	"177/21796"	0.0449801744073978	0.465404063002628	"115;136;1909;2065;2767;2778;3269;3360;487;492;5023;5024;5027;5159;5724;5731;6261;801;887"	"107;108;10800;109;11261;1128;1129;113;113026;1131;1133;1139;114;115;135;136;146;147;148;153;154;155;163688;1812;1816;185;1909;1910;1956;196883;2064;2065;2066;2149;2185;22953;23236;2767;2769;2774;2776;2778;2902;2903;2905;2906;291;2911;2915;292;2925;293;3269;3274;3356;3357;3358;3360;3361;3362;3363;3706;3707;3708;3709;3710;3973;4638;4842;4843;4846;487;488;489;490;491;492;4923;493;5021;5023;5024;5025;5026;5027;51196;5136;5137;5153;5156;5159;51806;5255;5256;5257;5260;5261;5330;5331;5332;5333;5335;5336;5350;5481;552;553;5530;5532;5533;5534;5535;5566;5567;5568;5578;5579;5582;5613;56413;56848;57105;5724;5731;5733;5737;623;624;6261;6262;6263;63928;6543;6546;6547;683;6865;6869;6870;6915;7125;7134;7201;7220;7416;7417;7419;773;774;775;776;777;778;779;801;805;808;810;814;815;816;817;818;83447;84812;85366;886;887;8877;8911;8912;8913;89869;9127;91807;952;9630"
"path:04146"	"Peroxisome"	"10/1540"	"78/21796"	0.0474616099575662	0.465404063002628	"1610;2181;23305;4358;5824;5826;5827;7498;84188;847"	"10005;10455;10478;10654;10901;11001;11264;1384;1610;189;1891;1962;196743;2053;215;2180;2181;2182;225;23305;23417;23600;255027;25824;26061;26063;30;3155;3295;3417;3418;373156;390916;4358;4598;4843;5052;51;51179;51268;51703;5189;5190;5191;5192;5193;5194;5195;5264;54363;54677;55670;55711;55825;570;5824;5825;5826;5827;5828;5830;6342;6647;6648;7498;8309;8310;83594;84188;8443;847;8504;8528;8540;8799;8800;92960;9409"
