"pathwayId"	"pathwayName"	"annMoleculeRatio"	"annBgRatio"	"pvalue"	"fdr"	"annMoleculeList"	"annBgMoleculeList"
"path:04512"	"ECM-receptor interaction"	"13/1635"	"84/21796"	0.00953502825420971	0.993704953728226	"1292;1301;1605;2335;3655;3672;3679;3685;3910;3912;5649;7148;960"	"10319;1101;1277;1278;1280;1281;1282;1284;1286;1288;1289;1290;1291;1292;1293;1301;1302;1311;131873;1605;22798;22801;22987;2335;2811;2812;2814;2815;284217;3161;3339;3371;3381;3655;3672;3673;3674;3675;3676;3678;3679;3680;3685;3688;3690;3691;3693;3694;3695;3696;375790;3908;3909;3910;3911;3912;3913;3914;3915;3918;50509;51206;5649;6382;6383;6385;63923;6696;7057;7058;7059;7060;7143;7148;7448;7450;8515;8516;948;960;961;9672;9899;9900"
"path:04970"	"Salivary secretion"	"13/1635"	"86/21796"	0.0115509391488641	0.993704953728226	"1470;1755;2778;2977;2982;2983;3709;491;492;5542;5592;801;805"	"107;108;109;111;112;113;1131;114;115;146;1469;147;1470;1471;1472;1473;148;153;154;155;163688;1755;196883;23236;23439;2776;2778;2977;2982;2983;3346;362;3708;3709;3710;3778;3783;4025;4069;4589;476;477;478;480;481;482;483;4842;486;490;491;492;493;51806;5330;5331;5332;54831;5542;55503;5554;5555;5566;5567;5568;5578;5579;5582;5592;5593;5613;6263;6522;653247;6548;6558;6779;683;6844;727897;801;805;808;810;820;952"
"path:05416"	"Viral myocarditis"	"11/1635"	"71/21796"	0.0162141660500632	0.993704953728226	"1605;1981;1982;25;3105;3107;3135;4626;4627;57644;60"	"100133583;1525;1604;1605;1756;1981;1982;22989;25;2534;27;3105;3106;3107;3108;3109;3111;3112;3113;3115;3117;3118;3119;3122;3123;3125;3126;3127;3133;3134;3135;3383;3683;3689;4619;4620;4621;4622;4624;4625;4626;4627;4628;4629;54205;5551;57644;5879;5880;5881;595;60;637;6442;6443;6444;6445;652614;71;79784;836;841;842;857;8672;8735;940;941;942;958;959"
"path:05414"	"Dilated cardiomyopathy"	"12/1635"	"85/21796"	0.0244912644381656	0.993704953728226	"10369;1605;2010;2778;3655;3672;3679;3685;59283;60;7139;7169"	"10368;10369;107;108;109;111;112;113;114;115;153;1605;1674;1756;196883;2010;22801;27091;27092;2778;3479;3655;3672;3673;3674;3675;3676;3678;3679;3680;3685;3688;3690;3691;3693;3694;3695;3696;4000;4607;4633;4634;5350;5566;5567;5568;55799;5613;59283;59284;59285;60;6262;6442;6443;6444;6445;70;7040;7042;7043;71;7124;7134;7137;7139;7168;7169;7170;7171;7273;775;776;778;779;781;782;783;784;785;786;8515;8516;9254;93589"
"path:04145"	"Phagosome"	"19/1635"	"156/21796"	0.0247631670948303	0.993704953728226	"10952;1778;1781;1783;203068;2204;2212;3105;3107;3135;347733;3685;3916;526;60;653361;81035;8685;9554"	"100133583;10312;10332;10333;10376;10381;10382;10383;10952;11151;112714;113457;127124;1311;1514;1520;1535;1536;155066;1778;1780;1781;1783;200576;203068;2204;2209;2212;2213;2214;2215;22925;23480;23545;23673;245972;245973;27035;29927;30835;3105;3106;3107;3108;3109;3111;3112;3113;3115;3117;3118;3119;3122;3123;3125;3126;3127;3133;3134;3135;338382;347688;347733;3673;3678;3684;3685;3688;3689;3690;3693;3916;3920;4074;414308;4153;4353;4360;4481;4688;4689;4842;4973;50508;50617;51143;51382;51606;51807;523;525;526;527;528;5289;529;533;534;53407;535;537;55176;56604;5868;5869;5878;5879;60;6441;64581;652614;653361;653509;6890;6891;7037;7057;7058;7059;7060;7097;7099;71;715;718;7277;7278;7280;7846;7879;78989;79659;79861;81027;81035;811;821;83547;8411;8417;84617;84790;8685;8992;90423;9103;9114;9146;929;9296;9341;948;949;9550;9554;9902"
"path:05410"	"Hypertrophic cardiomyopathy (HCM)"	"11/1635"	"78/21796"	0.030666274425885	0.993704953728226	"10369;1605;2010;3655;3672;3679;3685;59283;60;7139;7169"	"10368;10369;1605;1636;1674;1756;2010;22801;27091;27092;3479;3569;3655;3672;3673;3674;3675;3676;3678;3679;3680;3685;3688;3690;3691;3693;3694;3695;3696;4000;4607;4633;4634;51422;53632;5562;5563;5564;5565;5571;55799;59283;59284;59285;60;6262;6442;6443;6444;6445;70;7040;7042;7043;71;7124;7134;7137;7139;7168;7169;7170;7171;7273;775;776;778;779;781;782;783;784;785;786;8515;8516;9254;93589"
"path:04530"	"Tight junction"	"16/1635"	"131/21796"	0.0362991742313172	0.993704953728226	"10000;10207;10627;23136;24146;29895;3993;4301;4626;4627;4893;49861;55844;57644;60;9073"	"10000;1019;10207;103910;10398;10627;10686;11336;1364;1365;1366;137075;1457;1459;1460;149461;1495;1496;1499;150084;154810;2017;2035;2036;2037;207;208;22800;22808;22989;23136;23562;24146;260425;26285;27134;2770;2771;2773;29119;29895;3059;3265;3845;387;3993;3996;4301;4619;4620;4621;4622;4624;4625;4626;4627;4628;4629;4633;4636;4893;4950;49861;5010;50848;50855;51208;51776;53842;5515;5516;5518;5519;5520;5521;5522;5578;5579;5580;5581;5582;5583;5584;55844;55870;5588;5590;56288;5728;57530;57644;58494;58498;5865;5872;60;60412;6237;64398;6714;7082;71;7122;7525;79784;81;8189;83700;84552;84612;8531;8573;87;8735;8777;88;89;9071;9073;9074;9075;9076;9080;9218;9223;92359;93408;93643;9414;9863;998"
"path:04540"	"Gap junction"	"12/1635"	"90/21796"	0.0362997243371042	0.993704953728226	"10746;203068;2778;2977;2982;2983;347733;3709;4893;5592;6655;983"	"10376;10381;10382;10383;107;10746;108;109;111;112;112714;113;113457;114;115;1453;153;1812;1813;1902;1950;1956;196883;203068;23236;2697;2767;2770;2771;2773;2776;2778;2885;2911;2915;2977;2982;2983;3265;3356;3357;3358;347688;347733;3708;3709;3710;3845;4893;5154;5155;5156;5159;51807;5330;5331;5332;5566;5567;5568;5578;5579;5582;5592;5593;5594;5595;5598;56034;5604;5605;5607;5613;56604;57369;5894;6654;6655;6714;7082;7277;7278;7280;7846;79861;80310;81027;84617;84790;983"
"path:00790"	"Folate biosynthesis"	"3/1635"	"11/21796"	0.044081432372804	1	"249;251;8836"	"1719;2356;248;249;250;251;2643;5805;5860;6697;8836"
