"pathwayId"	"pathwayName"	"annMoleculeRatio"	"annBgRatio"	"pvalue"	"fdr"	"annMoleculeList"	"annBgMoleculeList"
"path:04530"	"Tight junction"	"13/796"	"131/21796"	0.00102906345360765	0.115237027440522	"1496;4301;4619;4620;4629;49861;5521;55844;58494;60;88;9071;9075"	"10000;1019;10207;103910;10398;10627;10686;11336;1364;1365;1366;137075;1457;1459;1460;149461;1495;1496;1499;150084;154810;2017;2035;2036;2037;207;208;22800;22808;22989;23136;23562;24146;260425;26285;27134;2770;2771;2773;29119;29895;3059;3265;3845;387;3993;3996;4301;4619;4620;4621;4622;4624;4625;4626;4627;4628;4629;4633;4636;4893;4950;49861;5010;50848;50855;51208;51776;53842;5515;5516;5518;5519;5520;5521;5522;5578;5579;5580;5581;5582;5583;5584;55844;55870;5588;5590;56288;5728;57530;57644;58494;58498;5865;5872;60;60412;6237;64398;6714;7082;71;7122;7525;79784;81;8189;83700;84552;84612;8531;8573;87;8735;8777;88;89;9071;9073;9074;9075;9076;9080;9218;9223;92359;93408;93643;9414;9863;998"
"path:05414"	"Dilated cardiomyopathy"	"10/796"	"85/21796"	0.00105239294466231	0.115237027440522	"1756;2778;3655;3672;3678;5350;60;7169;7273;781"	"10368;10369;107;108;109;111;112;113;114;115;153;1605;1674;1756;196883;2010;22801;27091;27092;2778;3479;3655;3672;3673;3674;3675;3676;3678;3679;3680;3685;3688;3690;3691;3693;3694;3695;3696;4000;4607;4633;4634;5350;5566;5567;5568;55799;5613;59283;59284;59285;60;6262;6442;6443;6444;6445;70;7040;7042;7043;71;7124;7134;7137;7139;7168;7169;7170;7171;7273;775;776;778;779;781;782;783;784;785;786;8515;8516;9254;93589"
"path:04670"	"Leukocyte transendothelial migration"	"11/796"	"116/21796"	0.00348436479845005	0.233740678202961	"10411;1496;4301;49861;58494;60;7410;88;9071;9075;9564"	"1003;103910;10398;10411;10451;10627;10686;11069;1364;1365;1366;137075;1432;149461;1495;1496;1499;1500;1535;1536;2185;23533;23562;24146;26285;27035;2770;2771;2773;2909;29119;29895;3383;3676;3683;3684;3688;3689;3702;387;394;399;4267;4301;4313;4318;4478;4633;4636;4688;4689;4950;49861;5010;50508;50848;51208;5175;5290;5291;5293;5294;5295;5296;5335;5336;53842;5578;5579;5582;5600;5603;5747;5781;5829;58494;58498;5879;5880;5906;5908;60;6093;6300;6387;6494;653361;7070;71;7122;7294;7408;7409;7410;7412;7414;7430;7852;81;83593;83700;8503;87;88;89;9071;9073;9074;9075;9076;9080;90952;93408;9475;9564;998"
"path:05412"	"Arrhythmogenic right ventricular cardiomyopathy (ARVC)"	"8/796"	"71/21796"	0.00426923613156094	0.233740678202961	"1496;1756;3655;3672;3678;60;781;88"	"1000;10368;10369;1495;1496;1499;1605;1674;1756;1824;1829;1832;2010;22801;2697;27091;27092;29119;3655;3672;3673;3674;3675;3676;3678;3679;3680;3685;3688;3690;3691;3693;3694;3695;3696;3728;4000;51176;5318;55799;59283;59284;59285;60;6262;6442;6443;6444;6445;6932;6934;71;775;776;778;779;781;782;783;784;785;786;81;83439;8515;8516;87;88;89;9254;93589"
"path:05410"	"Hypertrophic cardiomyopathy (HCM)"	"8/796"	"78/21796"	0.00753778863576815	0.330155142246645	"1756;3655;3672;3678;60;7169;7273;781"	"10368;10369;1605;1636;1674;1756;2010;22801;27091;27092;3479;3569;3655;3672;3673;3674;3675;3676;3678;3679;3680;3685;3688;3690;3691;3693;3694;3695;3696;4000;4607;4633;4634;51422;53632;5562;5563;5564;5565;5571;55799;59283;59284;59285;60;6262;6442;6443;6444;6445;70;7040;7042;7043;71;7124;7134;7137;7139;7168;7169;7170;7171;7273;775;776;778;779;781;782;783;784;785;786;8515;8516;9254;93589"
"path:04950"	"Maturity onset diabetes of the young"	"4/796"	"25/21796"	0.0121177999770182	0.431487843140279	"2494;3170;4760;5080"	"168620;2494;2645;3087;3110;3170;3171;3172;3174;3175;3280;3375;3630;3651;389692;4760;4821;4825;50674;5078;5080;5313;6514;6927;6928"
"path:04520"	"Adherens junction"	"7/796"	"70/21796"	0.0137918488674975	0.431487843140279	"10580;1496;4301;5819;60;7046;88"	"10163;10458;10580;10810;117178;1387;1457;1459;1460;1495;1496;1499;1500;1956;2033;2064;2260;2534;25945;29119;3480;3643;387;4008;4087;4088;4089;4233;4301;51176;51701;5594;5595;56288;5770;5777;5787;5792;5795;5797;5818;5819;5879;5880;5881;60;6591;6615;6714;6885;6932;6934;7046;7048;7082;71;7414;7454;7525;81;81607;83439;87;88;89;8936;8976;9855;998;999"
"path:05160"	"Hepatitis C"	"10/796"	"134/21796"	0.0252450205639552	0.691082437938273	"1950;27102;3443;3716;49861;5521;55844;6655;9071;9075"	"10000;10062;10197;1026;10379;10401;10686;1147;1364;1365;1366;137075;1432;148022;149461;1950;1956;1965;207;208;23533;23562;23586;24146;26285;27102;2885;29110;2932;3265;3434;3439;3440;3441;3442;3443;3444;3445;3446;3447;3448;3449;3451;3452;3454;3455;3456;3551;3576;3646;3659;3661;3665;369;3716;3845;3949;439996;440275;4790;4792;4893;4938;4939;4940;4950;49861;5010;51208;51588;5163;5290;5291;5293;5294;5295;5296;53842;5465;5515;5516;5518;5519;5520;5521;5522;55844;5594;5595;5599;5600;5601;5602;5603;5610;572;57506;5894;5970;6041;6256;6300;6654;6655;673;6772;6773;6774;7098;7122;7124;7132;7157;7186;7187;7189;7297;8503;8517;8554;8717;8737;9021;9063;9071;9073;9074;9075;9076;9080;9451;949;9641;975"
"path:05416"	"Viral myocarditis"	"6/796"	"71/21796"	0.0449832793102307	0.895923227934569	"1756;25;4619;4620;4629;60"	"100133583;1525;1604;1605;1756;1981;1982;22989;25;2534;27;3105;3106;3107;3108;3109;3111;3112;3113;3115;3117;3118;3119;3122;3123;3125;3126;3127;3133;3134;3135;3383;3683;3689;4619;4620;4621;4622;4624;4625;4626;4627;4628;4629;54205;5551;57644;5879;5880;5881;595;60;637;6442;6443;6444;6445;652614;71;79784;836;841;842;857;8672;8735;940;941;942;958;959"
"path:04810"	"Regulation of actin cytoskeleton"	"13/796"	"211/21796"	0.0465722140160389	0.895923227934569	"1950;3655;3672;3678;54961;57144;60;6548;6655;7410;88;8826;9564"	"10092;10093;10094;10095;10109;10152;10163;10297;10298;103910;10398;10451;10458;10552;10627;10672;1072;1073;10787;10788;1128;1129;1131;1132;1133;128239;1398;1399;1445;1729;1730;1793;1950;1956;200576;2147;2149;2245;2246;2247;2248;2249;2250;2251;2252;2253;2254;2255;2256;2257;2258;2259;2260;2261;2263;2264;22800;22801;22808;23191;2335;23365;23396;23533;26230;26281;26291;26999;27006;2768;28964;2909;2934;29895;3071;324;3265;345456;3630;3645;3655;3672;3673;3674;3675;3676;3678;3679;3680;3681;3682;3683;3684;3685;3687;3688;3689;369;3690;3691;3693;3694;3695;3696;375189;3845;387;3984;3985;4342;4478;4633;4636;4638;4659;4893;5058;5062;5063;50649;5154;5155;5156;5159;5216;5217;5290;5291;5293;5294;5295;5296;5305;54434;54961;5499;5500;5501;55740;55845;5594;5595;55970;56034;5604;5605;56924;57144;5747;5829;58498;5879;5880;5881;5894;5962;60;6093;623;6237;624;653888;6548;6654;6655;673;7074;71;7114;7117;7409;7410;7414;7430;7454;79837;80310;8074;81;81624;81873;8394;8395;8396;8503;8515;8516;85366;85464;85477;87;88;8817;8822;8823;8826;8874;89;8936;8976;89846;9087;9138;91807;929;93408;9459;9475;9564;9965;998"
"path:04122"	"Sulfur relay system"	"2/796"	"10/21796"	0.0493483669293449	0.895923227934569	"27304;9054"	"27304;348180;4337;4338;4357;55687;7263;81605;90353;9054"
